0 10.693333333333333
1 16.622222222222224
2 18.97111111111111
3 20.86888888888889
4 22.593333333333334
5 24.102222222222224
6 25.07111111111111
7 26.75111111111111
8 27.59777777777778
9 28.72222222222222
10 29.43777777777778
11 30.373333333333335
12 31.015555555555554
13 31.744444444444444
14 32.477777777777774
15 33.35333333333333
16 33.80888888888889
17 34.35111111111111
18 34.824444444444445
19 35.495555555555555
20 35.69555555555556
21 36.562222222222225
22 36.53777777777778
23 37.17777777777778
24 37.16
25 37.71333333333333
26 38.34444444444444
27 38.635555555555555
28 39.0
29 39.215555555555554
30 39.68666666666667
31 39.931111111111115
32 40.284444444444446
33 40.333333333333336
34 40.96
35 41.05777777777778
36 41.126666666666665
37 41.56
38 42.0
39 41.973333333333336
40 42.72666666666667
41 42.57111111111111
42 42.76222222222222
43 43.16222222222222
44 43.22
45 43.26222222222222
46 43.45777777777778
47 43.64222222222222
48 44.20444444444445
49 43.81333333333333
50 44.266666666666666
51 44.35111111111111
52 44.52444444444444
53 44.946666666666665
54 44.644444444444446
55 44.92666666666667
56 45.086666666666666
57 45.19555555555556
58 45.33111111111111
59 45.64666666666667
60 45.455555555555556
61 45.79555555555555
62 45.95777777777778
63 45.90888888888889
64 46.22222222222222
65 46.33111111111111
66 46.42444444444445
67 46.34222222222222
68 46.74444444444445
69 46.92
70 46.477777777777774
71 46.76888888888889
72 47.27111111111111
73 47.0
74 47.44
75 47.093333333333334
76 47.44444444444444
77 47.33777777777778
78 47.717777777777776
79 47.93333333333333
80 47.85111111111111
81 47.67333333333333
82 48.01111111111111
83 47.64888888888889
84 48.39111111111111
85 48.24
86 48.24666666666667
87 48.49333333333333
88 48.477777777777774
89 48.37111111111111
90 48.644444444444446
91 48.55555555555556
92 48.89111111111111
93 48.66222222222222
94 49.12888888888889
95 48.98444444444444
96 49.233333333333334
97 49.022222222222226
98 49.22888888888889
99 49.20444444444445
