0 12.337777777777777
1 19.82888888888889
2 23.717777777777776
3 27.066666666666666
4 30.18
5 32.69111111111111
6 35.68888888888889
7 38.215555555555554
8 41.00888888888889
9 43.58
10 46.48444444444444
11 49.03333333333333
12 51.56666666666667
13 54.05111111111111
14 56.80222222222222
15 59.45777777777778
16 61.833333333333336
17 64.72222222222223
18 66.86666666666666
19 68.82444444444444
20 71.36
21 73.64
22 75.53111111111112
23 76.88888888888889
24 78.97777777777777
25 80.57777777777778
26 81.96888888888888
27 83.31555555555556
28 84.87777777777778
29 85.94222222222223
30 87.12
31 87.92888888888889
32 88.60888888888888
33 90.03777777777778
34 90.17333333333333
35 91.18888888888888
36 91.68
37 92.41777777777777
38 92.73777777777778
39 92.68444444444444
40 92.69111111111111
41 93.21777777777778
42 93.77777777777777
43 94.45111111111112
44 94.30444444444444
45 94.68
46 94.80444444444444
47 94.72222222222223
48 94.96444444444444
49 95.42222222222222
50 95.04444444444445
51 94.65555555555555
52 94.69777777777777
53 93.97777777777777
54 94.14222222222222
55 95.04444444444445
56 95.17777777777778
57 95.03777777777778
58 95.67111111111112
59 95.57777777777778
60 96.52
61 97.06666666666666
62 97.15333333333334
63 96.70222222222222
64 96.4
65 95.32666666666667
66 93.3488888888889
67 91.38
68 92.72888888888889
69 94.87555555555555
70 96.59333333333333
71 97.68666666666667
72 98.28444444444445
73 98.55111111111111
74 98.57555555555555
75 98.68222222222222
76 98.78666666666666
77 98.86
78 98.88
79 98.74666666666667
80 96.7688888888889
81 83.47555555555556
82 82.73333333333333
83 92.01333333333334
84 96.34
85 98.16
86 98.62666666666667
87 98.72444444444444
88 98.92222222222222
89 98.9
90 98.95111111111112
91 98.85333333333334
92 98.94888888888889
93 98.89777777777778
94 98.92888888888889
95 98.80888888888889
96 98.90222222222222
97 98.54
98 89.2911111111111
99 79.52222222222223
