0 3.886455010284077
1 3.3898089067502455
2 3.158023552461104
3 2.978618949651718
4 2.827008921991695
5 2.6890146027911794
6 2.5507964816960422
7 2.4267810637300666
8 2.3075924163514916
9 2.1875011053952305
10 2.064224348826842
11 1.9460578709840775
12 1.838481899012219
13 1.735068210146644
14 1.6207635389132933
15 1.5212103114886717
16 1.4247330698100003
17 1.3231561143289914
18 1.237786207686771
19 1.1572556035085158
20 1.0696593326601116
21 0.9860990501262925
22 0.9203635061329062
23 0.865357981486754
24 0.7916501618244431
25 0.7376232113350522
26 0.6875968589024111
27 0.6401636458256028
28 0.5899462323974479
29 0.5468069193038073
30 0.5072271031412211
31 0.4735368480059234
32 0.4488736638291316
33 0.4039179665798491
34 0.3936232636598023
35 0.3644197227602655
36 0.3458858254280957
37 0.3200865423476154
38 0.30395048585805023
39 0.30000323412770574
40 0.30049750835380773
41 0.2814029467038133
42 0.26441613398492336
43 0.23902534490281885
44 0.2425022397867658
45 0.22920044240626422
46 0.22256098653782497
47 0.22506881335919554
48 0.2140652517026121
49 0.19687001898207449
50 0.20717206072400918
51 0.21604713441973383
52 0.21252609704705802
53 0.22875900092450055
54 0.2214209916578098
55 0.20092966543002563
56 0.19664933591742406
57 0.19847485270689835
58 0.17927206366915593
59 0.1805198181589896
60 0.15428779248825528
61 0.13631318805908615
62 0.13174519611691887
63 0.14340259321033955
64 0.1537635146894238
65 0.1793250966478478
66 0.2361707402901216
67 0.2906470529057763
68 0.2535704294727607
69 0.19197434931993484
70 0.1455716895447536
71 0.11279573934999379
72 0.09292643525722352
73 0.08208619079298594
74 0.08172320011495189
75 0.07469488413665783
76 0.07283846373585137
77 0.067434253255752
78 0.06621100137602877
79 0.07149733664383265
80 0.13342119918458842
81 0.5592448835007169
82 0.5666841918771918
83 0.2668612733144652
84 0.15289112527600743
85 0.09599673608317971
86 0.07994883676821535
87 0.07310416659509594
88 0.06387933485463938
89 0.062325310173698446
90 0.06023675136649134
91 0.06289280057800087
92 0.05897312276912006
93 0.06045590290291743
94 0.06009231018833816
95 0.06634634680284018
96 0.061088772024959326
97 0.07380237631415101
98 0.3682697626169432
99 0.6876553595066071
