0 3.945831288322118
1 3.56750499668406
2 3.416429596584404
3 3.2966436385769495
4 3.1991571595504427
5 3.120796686889605
6 3.04167700423869
7 2.9813342258789564
8 2.926236941785616
9 2.874316286684862
10 2.829896202134849
11 2.7863330858009627
12 2.749987148526889
13 2.707466322645365
14 2.6737038352935127
15 2.640176527705189
16 2.612504675613707
17 2.57983520442743
18 2.5573169913966347
19 2.533950228680934
20 2.507441430288422
21 2.4775404386174706
22 2.4633484274763204
23 2.4422670363871526
24 2.4246759969627254
25 2.4054149119838724
26 2.382915598836111
27 2.363240801195092
28 2.3516861043589796
29 2.32597776093039
30 2.315782589360002
31 2.299993893230902
32 2.2866602903066497
33 2.2724458748513108
34 2.2517107476049394
35 2.2416330670835958
36 2.235083706851707
37 2.2214173049730195
38 2.205839259368609
39 2.1986299500706012
40 2.176025242524191
41 2.1761014514894628
42 2.1665653930798268
43 2.1481847971487147
44 2.146268962881797
45 2.1388097494819442
46 2.128569411909487
47 2.114835371849125
48 2.102641790321556
49 2.1031746463565515
50 2.098103973995987
51 2.086681861528371
52 2.071780687540918
53 2.064625029370729
54 2.0654977151664675
55 2.05519818615727
56 2.043497006945688
57 2.045114740040934
58 2.0332264505385
59 2.0286537160581957
60 2.0288127620930188
61 2.0120376170571173
62 2.0113663023553507
63 2.0076724721255164
64 1.9945655606194599
65 1.992662875975966
66 1.9885978857167832
67 1.985371162557568
68 1.9782858339708242
69 1.973397271550117
70 1.966918223109242
71 1.9604866803751486
72 1.9571397635813037
73 1.956499431348474
74 1.9483923716331595
75 1.9504851205347273
76 1.9341561882395903
77 1.9375126281357353
78 1.9243733272877837
79 1.924008402743065
80 1.9249556916947896
81 1.918921179396935
82 1.9144651833034696
83 1.9178036971556522
84 1.8977069238355673
85 1.9097329895379447
86 1.9008324987598573
87 1.8931001920859358
88 1.8948370505921284
89 1.8913726763430434
90 1.8889235566504559
91 1.8865739537115713
92 1.8726550388098948
93 1.8760334160112708
94 1.8637026510258983
95 1.8658402192313026
96 1.86329845782282
97 1.8536640672541376
98 1.8588666212245262
99 1.8472473150716238
